Taken = false
Takeable = true
GangID = -1
Time = 0
MaxX = 2478.931640
MinX = 2211.558593
MaxY = 216.013732
MinY = -111.072204
Color = FF3EC0FF
PickupPos = 2262.170898
PickupPos2 = 25.296586
PickupPos3 = 26.445268
