[Informacije]
par1ID0=28
par2ID0=27
Rezultat10=4
Rezultat20=2
Kvota0=3.400000
HourPobeda0=13.6.2026 18:30
par1ID1=6
par2ID1=20
Rezultat11=2
Rezultat21=0
Kvota1=2.400000
par1ID2=44
par2ID2=10
Rezultat12=3
Rezultat22=4
Kvota2=2.599999
par1ID3=3
par2ID3=14
Rezultat13=2
Rezultat23=1
Kvota3=2.599999
par1ID4=9
par2ID4=32
Rezultat14=3
Rezultat24=1
Kvota4=2.599999
par1ID5=42
par2ID5=24
Rezultat15=4
Rezultat25=3
Kvota5=4.000000
par1ID6=30
par2ID6=37
Rezultat16=2
Rezultat26=4
Kvota6=3.000000
par1ID7=1
par2ID7=31
Rezultat17=4
Rezultat27=3
Kvota7=2.000000
par1ID8=16
par2ID8=34
Rezultat18=1
Rezultat28=2
Kvota8=3.400000
par1ID9=25
par2ID9=45
Rezultat19=2
Rezultat29=0
Kvota9=2.799999
HourPobeda1=13.6.2026 18:30
HourPobeda2=13.6.2026 18:30
HourPobeda3=13.6.2026 18:30
HourPobeda4=13.6.2026 18:30
HourPobeda5=13.6.2026 18:30
HourPobeda6=13.6.2026 18:30
HourPobeda7=13.6.2026 18:30
HourPobeda8=13.6.2026 18:30
HourPobeda9=13.6.2026 18:30

