[Informacije]
par1ID0=6
par2ID0=45
Rezultat10=2
Rezultat20=4
Kvota0=3.799999
HourPobeda0=13.6.2026 12:30
par1ID1=37
par2ID1=26
Rezultat11=2
Rezultat21=3
Kvota1=2.799999
par1ID2=29
par2ID2=36
Rezultat12=2
Rezultat22=3
Kvota2=2.599999
par1ID3=5
par2ID3=13
Rezultat13=1
Rezultat23=0
Kvota3=2.799999
par1ID4=14
par2ID4=10
Rezultat14=3
Rezultat24=1
Kvota4=3.200000
par1ID5=17
par2ID5=8
Rezultat15=1
Rezultat25=3
Kvota5=2.200000
par1ID6=42
par2ID6=7
Rezultat16=1
Rezultat26=3
Kvota6=1.600000
par1ID7=20
par2ID7=1
Rezultat17=2
Rezultat27=4
Kvota7=2.400000
par1ID8=35
par2ID8=22
Rezultat18=3
Rezultat28=1
Kvota8=3.799999
par1ID9=13
par2ID9=0
Rezultat19=1
Rezultat29=3
Kvota9=2.599999
HourPobeda1=13.6.2026 12:30
HourPobeda2=13.6.2026 12:30
HourPobeda3=13.6.2026 12:30
HourPobeda4=13.6.2026 12:30
HourPobeda5=13.6.2026 12:30
HourPobeda6=13.6.2026 12:30
HourPobeda7=13.6.2026 12:30
HourPobeda8=13.6.2026 12:30
HourPobeda9=13.6.2026 12:30

