MaxSpeed = 60
Price = 1000
Pos1 = 1815.691162
Pos2 = -1671.897583
Pos3 = 12.072809
Pos4 = 0.000000
Pos5 = 0.000000
Pos6 = 4.332036
