Name = Vatrogasna Zurba
TCPX = 2382.189697
TCPY = 767.119934
TCPZ = 10.820312
TCPA = 92.985908
Veh = 544
TCPX2 = 2364.090087
TCPY2 = 766.175720
TCPZ2 = 10.348314
TCPA2 = 92.985908
CPX2 = 2339.886230
CPY2 = 768.283935
CPZ2 = 9.718555
CPX3 = 2298.877685
CPY3 = 761.992858
CPZ3 = 10.211381
CPX4 = 2260.621093
CPY4 = 762.805236
CPZ4 = 10.209035
CPX5 = 2214.609619
CPY5 = 794.874816
CPZ5 = 8.446352
CPX6 = 2148.653808
CPY6 = 828.191406
CPZ6 = 6.307264
CPX7 = 2096.412597
CPY7 = 832.242187
CPZ7 = 6.304188
CPX8 = 2032.262573
CPY8 = 832.213562
CPZ8 = 6.304116
CPX9 = 1961.124023
CPY9 = 832.182067
CPZ9 = 6.304141
CPX10 = 1881.915405
CPY10 = 832.147033
CPZ10 = 8.126145
CPX11 = 1800.355590
CPY11 = 832.110961
CPZ11 = 10.234977
CPX12 = 1702.558349
CPY12 = 832.066406
CPZ12 = 7.790994
CPX13 = 1617.892089
CPY13 = 832.028747
CPZ13 = 6.311266
CPX14 = 1533.672851
CPY14 = 831.991516
CPZ14 = 6.384900
CPX15 = 1448.951416
CPY15 = 851.164123
CPZ15 = 6.383180
CPX16 = 1392.865966
CPY16 = 883.084106
CPZ16 = 7.285391
CPX17 = 1335.720092
CPY17 = 918.893432
CPZ17 = 10.079898
CPX18 = 1205.676635
CPY18 = 906.726074
CPZ18 = 11.838185
CPX19 = 1155.784667
CPY19 = 871.378051
CPZ19 = 10.317142
CPX20 = 1092.594360
CPY20 = 824.041748
CPZ20 = 10.274381
CPX21 = 959.555114
CPY21 = 748.521728
CPZ21 = 10.307228
CPX22 = 851.780151
CPY22 = 776.295227
CPZ22 = 21.618259
CPX23 = 806.756469
CPY23 = 798.117431
CPZ23 = 19.467750
CPX24 = 788.439636
CPY24 = 815.127624
CPZ24 = 8.913948
MaxCP = 24
