Name = Old Mountain
TCPX = -781.533508
TCPY = 2718.686279
TCPZ = 44.869251
TCPA = 153.042221
Veh = 522
TCPX2 = -780.317443
TCPY2 = 2708.132812
TCPZ2 = 45.473686
TCPA2 = 153.042221
CPX2 = -770.420288
CPY2 = 2693.687744
CPZ2 = 46.856079
CPX3 = -699.617248
CPY3 = 2687.681152
CPZ3 = 55.968975
CPX4 = -741.902038
CPY4 = 2640.982666
CPZ4 = 64.805358
CPX5 = -711.178588
CPY5 = 2528.625000
CPZ5 = 73.870788
CPX6 = -751.258850
CPY6 = 2542.351806
CPZ6 = 81.074050
CPX7 = -774.938171
CPY7 = 2555.446044
CPZ7 = 86.458938
CPX8 = -800.308715
CPY8 = 2499.201904
CPZ8 = 100.344131
CPX9 = -835.146667
CPY9 = 2449.660156
CPZ9 = 115.179870
CPX10 = -841.450378
CPY10 = 2404.188232
CPZ10 = 121.243194
CPX11 = -819.002624
CPY11 = 2354.025634
CPZ11 = 120.074546
CPX12 = -737.715087
CPY12 = 2347.600097
CPZ12 = 124.985366
CPX13 = -698.583923
CPY13 = 2408.353515
CPZ13 = 130.255752
CPX14 = -718.644470
CPY14 = 2456.667968
CPZ14 = 122.676315
CPX15 = -670.927307
CPY15 = 2463.513916
CPZ15 = 113.516227
CPX16 = -615.978820
CPY16 = 2413.156982
CPZ16 = 94.887985
CPX17 = -568.066101
CPY17 = 2367.123291
CPZ17 = 77.935836
CPX18 = -498.698455
CPY18 = 2319.883056
CPZ18 = 66.114379
CPX19 = -399.781555
CPY19 = 2284.949218
CPZ19 = 40.021476
CPX20 = -384.763061
CPY20 = 2239.039062
CPZ20 = 41.659412
MaxCP = 20
