Taken = false
Takeable = true
GangID = -1
Time = 0
MaxX = -163.916213
MinX = -470.043029
MaxY = -2361.261718
MinY = -2814.055908
Color = FF3EC0FF
PickupPos = -329.309814
PickupPos2 = -2577.046386
PickupPos3 = 125.163345
