Name = Luda Voznja
TCPX = 1200.715087
TCPY = -1372.593139
TCPZ = 13.290056
TCPA = 359.326538
Veh = 441
TCPX2 = 1200.803100
TCPY2 = -1365.100341
TCPZ2 = 13.332139
TCPA2 = 359.326538
CPX2 = 1201.000000
CPY2 = -1348.402221
CPZ2 = 13.400979
CPX3 = 1201.715454
CPY3 = -1305.427246
CPZ3 = 13.390209
CPX4 = 1201.801147
CPY4 = -1291.670166
CPZ4 = 13.380130
CPX5 = 1201.821533
CPY5 = -1285.308715
CPZ5 = 13.374464
CPX6 = 1208.582641
CPY6 = -1280.936889
CPZ6 = 13.382812
CPX7 = 1214.501708
CPY7 = -1266.094360
CPZ7 = 13.708257
CPX8 = 1214.634521
CPY8 = -1239.961914
CPZ8 = 15.775177
CPX9 = 1216.426147
CPY9 = -1207.208984
CPZ9 = 19.190567
CPX10 = 1215.524536
CPY10 = -1178.461669
CPZ10 = 22.150167
CPX11 = 1216.177734
CPY11 = -1162.344726
CPZ11 = 23.195972
CPX12 = 1213.494873
CPY12 = -1136.979980
CPZ12 = 23.739131
CPX13 = 1212.296997
CPY13 = -1124.015258
CPZ13 = 24.197486
CPX14 = 1207.802612
CPY14 = -1110.916870
CPZ14 = 24.715259
CPX15 = 1207.876831
CPY15 = -1093.772338
CPZ15 = 25.648571
CPX16 = 1206.809448
CPY16 = -1078.605346
CPZ16 = 29.245918
CPX17 = 1205.347534
CPY17 = -1057.851562
CPZ17 = 31.042812
CPX18 = 1203.736206
CPY18 = -1042.980346
CPZ18 = 31.726854
CPX19 = 1188.138916
CPY19 = -1040.665161
CPZ19 = 31.827997
CPX20 = 1171.699096
CPY20 = -1036.519775
CPZ20 = 31.791416
CPX21 = 1168.087768
CPY21 = -1034.528198
CPZ21 = 31.932601
CPX22 = 1164.046630
CPY22 = -1023.425354
CPZ22 = 33.089771
CPX23 = 1163.867309
CPY23 = -1009.480041
CPZ23 = 35.090335
CPX24 = 1163.722900
CPY24 = -1000.225585
CPZ24 = 36.679756
CPX25 = 1173.275024
CPY25 = -990.687133
CPZ25 = 38.469890
CPX26 = 1192.570190
CPY26 = -990.625610
CPZ26 = 43.484306
CPX27 = 1204.267578
CPY27 = -989.953552
CPZ27 = 43.476562
CPX28 = 1211.739501
CPY28 = -984.053161
CPZ28 = 43.476562
CPX29 = 1230.107543
CPY29 = -974.519531
CPZ29 = 43.476562
CPX30 = 1244.340087
CPY30 = -972.543029
CPZ30 = 42.326179
CPX31 = 1255.552490
CPY31 = -963.668395
CPZ31 = 39.811813
CPX32 = 1260.917602
CPY32 = -947.452819
CPZ32 = 42.203010
CPX33 = 1277.962890
CPY33 = -932.155944
CPZ33 = 41.960124
CPX34 = 1295.145874
CPY34 = -932.320434
CPZ34 = 40.324275
CPX35 = 1346.501464
CPY35 = -936.422790
CPZ35 = 34.919666
MaxCP = 35
