Name = Ludi helis
TCPX = 1317.270507
TCPY = -992.276916
TCPZ = 148.643707
TCPA = 357.780975
Veh = 501
TCPX2 = 1317.161621
TCPY2 = -987.525512
TCPZ2 = 148.643707
TCPA2 = 1.854352
CPX2 = 1316.257080
CPY2 = -952.835510
CPZ2 = 159.684020
CPX3 = 1314.350341
CPY3 = -879.551513
CPZ3 = 147.239929
CPX4 = 1313.426879
CPY4 = -803.339111
CPZ4 = 140.699157
CPX5 = 1259.194335
CPY5 = -731.243469
CPZ5 = 133.886108
CPX6 = 1192.048706
CPY6 = -661.331237
CPZ6 = 87.648323
CPX7 = 1214.715087
CPY7 = -579.902770
CPZ7 = 80.230140
CPX8 = 1239.539428
CPY8 = -486.170501
CPZ8 = 70.314247
CPX9 = 1255.700927
CPY9 = -395.601440
CPZ9 = 61.610191
CPX10 = 1324.113891
CPY10 = -351.680725
CPZ10 = 54.824344
CPX11 = 1355.620727
CPY11 = -331.356903
CPZ11 = 51.844753
CPX12 = 1377.262084
CPY12 = -271.384887
CPZ12 = 46.771911
CPX13 = 1386.717651
CPY13 = -226.800094
CPZ13 = 45.409061
CPX14 = 1399.362182
CPY14 = -137.180847
CPZ14 = 41.814216
CPX15 = 1403.285766
CPY15 = -1.097035
CPZ15 = 45.238327
MaxCP = 15
