Name = Planinski skok
TCPX = -2305.395751
TCPY = -1663.939086
TCPZ = 483.659637
TCPA = 221.469726
Veh = 0
TCPX2 = -2300.453369
TCPY2 = -1669.587768
TCPZ2 = 483.629486
TCPA2 = 221.156387
CPX2 = -2261.337646
CPY2 = -1708.978027
CPZ2 = 479.591552
CPX3 = -2246.999023
CPY3 = -1722.971679
CPZ3 = 480.989593
CPX4 = -2227.333496
CPY4 = -1743.064453
CPZ4 = 482.458953
CPX5 = -2202.276855
CPY5 = -1769.032958
CPZ5 = 308.573089
CPX6 = -2154.881347
CPY6 = -1799.906982
CPZ6 = 210.187042
CPX7 = -2129.527099
CPY7 = -1813.615356
CPZ7 = 211.532363
CPX8 = -2097.504638
CPY8 = -1833.166625
CPZ8 = 136.635925
CPX9 = -2079.389648
CPY9 = -1844.699340
CPZ9 = 109.121482
CPX10 = -2060.332031
CPY10 = -1855.129760
CPZ10 = 95.176292
CPX11 = -2038.204589
CPY11 = -1866.335205
CPZ11 = 51.368492
CPX12 = -2023.326904
CPY12 = -1874.406982
CPZ12 = 47.713279
CPX13 = -1991.429809
CPY13 = -1857.222167
CPZ13 = 41.057479
MaxCP = 13
