Name = Planinski skok 2
TCPX = -2300.183105
TCPY = -1672.487304
TCPZ = 483.620666
TCPA = 226.483261
Veh = 510
TCPX2 = -2288.865722
TCPY2 = -1683.248168
TCPZ2 = 482.499023
TCPA2 = 227.736618
CPX2 = -2256.291992
CPY2 = -1713.049926
CPZ2 = 479.824768
CPX3 = -2238.706787
CPY3 = -1731.663818
CPZ3 = 480.461364
CPX4 = -2227.996093
CPY4 = -1743.009887
CPZ4 = 482.369079
CPX5 = -2203.160644
CPY5 = -1769.316772
CPZ5 = 309.025329
CPX6 = -2178.952636
CPY6 = -1825.753784
CPZ6 = 218.250473
CPX7 = -2165.289306
CPY7 = -1836.940551
CPZ7 = 218.753494
CPX8 = -2110.102783
CPY8 = -1856.701171
CPZ8 = 137.330108
CPX9 = -2080.194824
CPY9 = -1874.428710
CPZ9 = 100.728721
CPX10 = -2053.461181
CPY10 = -1889.503540
CPZ10 = 53.516555
CPX11 = -2028.364990
CPY11 = -1902.661376
CPZ11 = 47.979820
MaxCP = 11
