[Informacije]
par1ID0 = 18
par2ID0 = 33
Rezultat10 = 5
Rezultat20 = 3
Kvota0 = 2.599999
HourPobeda0 = 31.5.2026 -01:30
par1ID1 = 43
par2ID1 = 15
Rezultat11 = 1
Rezultat21 = 3
Kvota1 = 2.400000
HourPobeda1 = 31.5.2026 -01:30
par1ID2 = 28
par2ID2 = 38
Rezultat12 = 0
Rezultat22 = 0
Kvota2 = 3.000000
HourPobeda2 = 31.5.2026 -01:30
par1ID3 = 4
par2ID3 = 23
Rezultat13 = 5
Rezultat23 = 3
Kvota3 = 2.799999
HourPobeda3 = 31.5.2026 -01:30
par1ID4 = 2
par2ID4 = 40
Rezultat14 = 2
Rezultat24 = 0
Kvota4 = 2.200000
HourPobeda4 = 31.5.2026 -01:30
par1ID5 = 26
par2ID5 = 24
Rezultat15 = 0
Rezultat25 = 1
Kvota5 = 2.799999
HourPobeda5 = 31.5.2026 -01:30
par1ID6 = 40
par2ID6 = 27
Rezultat16 = 2
Rezultat26 = 0
Kvota6 = 3.599999
HourPobeda6 = 31.5.2026 -01:30
par1ID7 = 41
par2ID7 = 8
Rezultat17 = 2
Rezultat27 = 3
Kvota7 = 2.200000
HourPobeda7 = 31.5.2026 -01:30
par1ID8 = 25
par2ID8 = 34
Rezultat18 = 0
Rezultat28 = 0
Kvota8 = 2.599999
HourPobeda8 = 31.5.2026 -01:30
par1ID9 = 30
par2ID9 = 14
Rezultat19 = 2
Rezultat29 = 3
Kvota9 = 2.799999
HourPobeda9 = 31.5.2026 -01:30
