Owned = false
Owner = Drzava
Price = 60000
Level = 4
Locked = false
Pos1 = 1102.795776
Pos2 = -1101.168212
Pos3 = 26.015407
VehiclePos1 = 1099.318847
VehiclePos2 = -1101.169067
VehiclePos3 = 25.332426
VehiclePos4 = 87.794494
VW = 25
Type = 1
