Name = Dzamija
PosX = 1497.720947
PosY = 709.007934
PosZ = 10.671875
