Owned = false
Owner = Drzava
Price = 60000
Level = 4
Locked = false
Pos1 = 1030.444946
Pos2 = -814.775085
Pos3 = 101.851562
VehiclePos1 = 1028.502319
VehiclePos2 = -809.016357
VehiclePos3 = 101.556472
VehiclePos4 = 21.142974
VW = 10
Type = 1
