Owned = false
Owner = Drzava
Price = 60000
Level = 4
Locked = false
Pos1 = 1242.273437
Pos2 = -1107.997314
Pos3 = 25.601329
VehiclePos1 = 1247.419311
VehiclePos2 = -1107.792724
VehiclePos3 = 25.168760
VehiclePos4 = 269.205871
VW = 16
Type = 1
