ObjPos1 = 1261.984741
ObjPos2 = -2377.937500
ObjPos3 = 10.493658
ObjRot1 = 0.000000
ObjRot2 = 0.000000
ObjRot3 = 291.067504
