ObjPos1 = 1368.369140
ObjPos2 = -1101.003540
ObjPos3 = 23.604003
ObjRot1 = 0.000000
ObjRot2 = 0.000000
ObjRot3 = -94.331710
