ObjPos1 = 1954.073364
ObjPos2 = -1796.071533
ObjPos3 = 13.092810
ObjRot1 = 0.000000
ObjRot2 = 0.000000
ObjRot3 = -86.705001
