ObjPos1 = 1437.958496
ObjPos2 = -1582.054443
ObjPos3 = 13.122809
ObjRot1 = 0.000000
ObjRot2 = 0.000000
ObjRot3 = 87.665840
