[Informacije]
Kupljen = 0
Cena = 200000
Vlasnik = Drzava
Tip = 17
Zakljucana = 0
Novac = 105
UlazX = 1191.658203
UlazY = -1704.689819
UlazZ = 13.546875
IzasaoX = 0.000000
IzasaoY = 0.000000
IzasaoZ = 0.000000
Int = 0
VW = 0
Uinterioru = 0
Uvw = 18
Ime = Trafika
Level = 5
JobID = 0
Neaktivnost = 0
Reket = -1
ReketTime = 0.000000
