[Informacije]
Kupljen = 0
Cena = 750000
Vlasnik = Drzava
Tip = 20
Zakljucana = 1
Novac = 150
UlazX = 1929.163208
UlazY = -1776.137084
UlazZ = 13.546875
IzasaoX = -27.366100
IzasaoY = -58.069198
IzasaoZ = 1003.546875
Int = 0
VW = 0
Uinterioru = 6
Uvw = 3
Ime = Sipaj do vrha!
Level = 5
JobID = 0
Neaktivnost = 0
Reket = -1
ReketTime = 0.000000
