Owned = 1
Owner = Cika_Kure
Usage = 1
Enter1 = 827.747009
Enter2 = -858.020446
Enter3 = 70.330810
Exit1 = 131.840393
Exit2 = 1690.221923
Exit3 = 10012.086914
Price = 1000000
Locked = 0
Interior = 12
VW = 305
Vrsta = 4
Ormar = 1
Skin1 = 0
Skin2 = 0
Skin3 = 0
SafeStatus = 0
SafePass = 171004
Oruzje1 = 0
Oruzje2 = 0
Oruzje3 = 0
Oruzje4 = 0
Municija1 = 0
Municija2 = 0
Municija3 = 0
Municija4 = 0
Drug1 = 0
Drug2 = 0
Drug3 = 0
Drug4 = 0
Drug5 = 0
Drug6 = 0
Drug7 = 0
Drug8 = 0
Drug9 = 0
Drug10 = 0
DrugCode1 = 0
DrugCode2 = 0
DrugCode3 = 0
DrugCode4 = 0
DrugCode5 = 0
DrugCode6 = 0
DrugCode7 = 0
DrugCode8 = 0
DrugCode9 = 0
DrugCode10 = 0
DoorLevel = 1
Alarm = 2
LockLevel = 1
Time = 0
PizzaTime = 0.000000
Level = 5
Adress = Dedinje
Neaktivnost = 11
Rentable = 0
RentPrice = 0
Rentovano = 0
Money = 1
Mats = 0
