X = 2169.545898
Y = -1399.496093
Z = 23.991676
A = 263.255706
DilerIme = 74
