X = 2777.475585
Y = -1039.549438
Z = 38.606300
A = 157.252044
DilerIme = 74
