[Informacije]
Kupljen = 0
Cena = 0
Vlasnik = 
Tip = 0
Zakljucana = 0
Novac = 0
UlazX = 0.000000
UlazY = 0.000000
UlazZ = 0.000000
IzasaoX = 0.000000
IzasaoY = 0.000000
IzasaoZ = 0.000000
Int = 0
VW = 0
Uinterioru = 0
Uvw = 0
Ime = 
Level = 0
JobID = 0
Neaktivnost = 0
Reket = 0
ReketTime = 0.000000
