Owned = 1
Owner = Jovica_Erkic
Usage = 1
Enter1 = 989.771057
Enter2 = -828.668029
Enter3 = 95.468574
Exit1 = 131.840393
Exit2 = 1690.221923
Exit3 = 10012.086914
Price = 1000000
Locked = 0
Interior = 12
VW = 300
Vrsta = 4
Ormar = 1
Skin1 = 98
Skin2 = 0
Skin3 = 0
SafeStatus = 0
SafePass = 123456
Oruzje1 = 24
Oruzje2 = 0
Oruzje3 = 0
Oruzje4 = 0
Municija1 = 49
Municija2 = 0
Municija3 = 0
Municija4 = 0
Drug1 = 0
Drug2 = 0
Drug3 = 0
Drug4 = 0
Drug5 = 0
Drug6 = 0
Drug7 = 0
Drug8 = 0
Drug9 = 0
Drug10 = 0
DrugCode1 = 0
DrugCode2 = 0
DrugCode3 = 0
DrugCode4 = 0
DrugCode5 = 0
DrugCode6 = 0
DrugCode7 = 0
DrugCode8 = 0
DrugCode9 = 0
DrugCode10 = 0
DoorLevel = 1
Alarm = 2
LockLevel = 1
Time = 0
PizzaTime = 0.000000
Level = 5
Adress = Dedinje
Neaktivnost = 44
Rentable = 0
RentPrice = 0
Rentovano = 0
Money = 0
Mats = 0
