ObjPos1 = 1365.040893
ObjPos2 = -1268.463745
ObjPos3 = 13.116876
ObjRot1 = 0.000000
ObjRot2 = 0.000000
ObjRot3 = -91.933609
