ObjPos1 = 1813.859252
ObjPos2 = -1655.776977
ObjPos3 = 13.166878
ObjRot1 = 0.000000
ObjRot2 = 0.000000
ObjRot3 = 86.451370
