X=1126.520996
Y=-2045.014282
Z=69.039588
