X=1446.982543
Y=716.641601
Z=11.067874
