X=1367.217773
Y=-1275.668334
Z=13.546875
