Owned = false
Owner = Drzava
Price = 60000
Level = 4
Locked = false
Pos1 = 1326.429321
Pos2 = -1058.933593
Pos3 = 29.088115
VehiclePos1 = 1330.986206
VehiclePos2 = -1059.665893
VehiclePos3 = 28.255887
VehiclePos4 = 268.964874
VW = 27
Type = 1
