Owned = false
Owner = Drzava
Price = 60000
Level = 4
Locked = false
Pos1 = 1534.955078
Pos2 = -813.630920
Pos3 = 72.199455
VehiclePos1 = 1529.763183
VehiclePos2 = -813.265869
VehiclePos3 = 71.623733
VehiclePos4 = 91.620079
VW = 6
Type = 1
