Owned = false
Owner = Drzava
Price = 60000
Level = 4
Locked = false
Pos1 = 1402.582275
Pos2 = -919.588378
Pos3 = 36.060676
VehiclePos1 = 1401.293212
VehiclePos2 = -923.952514
VehiclePos3 = 35.682006
VehiclePos4 = 171.356414
VW = 2
Type = 1
