Owned = false
Owner = Drzava
Price = 60000
Level = 4
Locked = false
Pos1 = 795.927368
Pos2 = -837.888122
Pos3 = 60.641738
VehiclePos1 = 796.707763
VehiclePos2 = -843.571960
VehiclePos3 = 60.345565
VehiclePos4 = 190.256698
VW = 15
Type = 1
