Owned = false
Owner = Drzava
Price = 100000
Level = 5
Locked = false
Pos1 = 1113.048950
Pos2 = -732.547790
Pos3 = 100.132926
VehiclePos1 = 1108.003051
VehiclePos2 = -732.091308
VehiclePos3 = 100.305404
VehiclePos4 = 87.371864
VW = 9
Type = 2
