Owned = true
Owner = Miladin_Miladinovic
Price = 100000
Level = 5
Locked = false
Pos1 = 840.283325
Pos2 = -897.872009
Pos3 = 68.773437
VehiclePos1 = 842.980346
VehiclePos2 = -896.189208
VehiclePos3 = 68.478210
VehiclePos4 = 50.709457
VW = 14
Type = 2
