Owned = false
Owner = Drzava
Price = 100000
Level = 5
Locked = false
Pos1 = 910.888183
Pos2 = -829.985351
Pos3 = 92.037162
VehiclePos1 = 913.159057
VehiclePos2 = -834.104248
VehiclePos3 = 92.433387
VehiclePos4 = 203.006484
VW = 13
Type = 2
