Owned = false
Owner = Drzava
Price = 60000
Level = 4
Locked = false
Pos1 = 1242.393920
Pos2 = -1067.636474
Pos3 = 29.163507
VehiclePos1 = 1247.873046
VehiclePos2 = -1068.011718
VehiclePos3 = 28.803125
VehiclePos4 = 265.597351
VW = 21
Type = 1
