Owned = false
Owner = Drzava
Price = 60000
Level = 4
Locked = false
Pos1 = 1518.408813
Pos2 = -763.211425
Pos3 = 79.930007
VehiclePos1 = 1514.294189
VehiclePos2 = -767.671569
VehiclePos3 = 80.038642
VehiclePos4 = 138.596527
VW = 7
Type = 1
