Owned = false
Owner = Drzava
Price = 60000
Level = 4
Locked = false
Pos1 = 1284.732055
Pos2 = -1099.053955
Pos3 = 25.902114
VehiclePos1 = 1279.085815
VehiclePos2 = -1098.742309
VehiclePos3 = 25.733959
VehiclePos4 = 90.974548
VW = 17
Type = 1
