Owned = false
Owner = Drzava
Price = 60000
Level = 4
Locked = false
Pos1 = 1183.005615
Pos2 = -1107.677490
Pos3 = 25.822515
VehiclePos1 = 1177.104248
VehiclePos2 = -1107.879882
VehiclePos3 = 24.891294
VehiclePos4 = 92.060073
VW = 22
Type = 1
