Owned = false
Owner = Drzava
Price = 60000
Level = 4
Locked = false
Pos1 = 1285.245361
Pos2 = -1059.079101
Pos3 = 29.278121
VehiclePos1 = 1278.232910
VehiclePos2 = -1058.698608
VehiclePos3 = 29.360754
VehiclePos4 = 94.478752
VW = 18
Type = 1
