Owned = false
Owner = Drzava
Price = 60000
Level = 4
Locked = false
Pos1 = 1326.281982
Pos2 = -1099.533325
Pos3 = 25.500663
VehiclePos1 = 1329.694335
VehiclePos2 = -1099.567138
VehiclePos3 = 24.725488
VehiclePos4 = 261.408752
VW = 26
Type = 1
