MaxSpeed = 60
Price = 1000
Pos1 = 1911.859008
Pos2 = -1938.051391
Pos3 = 12.241152
Pos4 = 0.000000
Pos5 = 0.000000
Pos6 = 89.444610
