X=1006.438476
Y=-1097.923095
Z=23.887916
