Owned = false
Owner = Drzava
Price = 60000
Level = 4
Locked = false
Pos1 = 946.131835
Pos2 = -844.840026
Pos3 = 93.578567
VehiclePos1 = 943.362854
VehiclePos2 = -840.374267
VehiclePos3 = 94.039306
VehiclePos4 = 26.706268
VW = 12
Type = 1
