[Informacije]
Kupljen = 1
Cena = 200000
Vlasnik = Filip_Djelic
Tip = 17
Zakljucana = 0
Novac = 50
UlazX = 1517.260375
UlazY = -1029.065063
UlazZ = 23.793668
IzasaoX = 0.000000
IzasaoY = 0.000000
IzasaoZ = 0.000000
Int = 0
VW = 0
Uinterioru = 0
Uvw = 10
Ime = Trafika
Level = 5
JobID = 0
Neaktivnost = 11
Reket = -1
ReketTime = 0.000000
