[Informacije]
Kupljen = 0
Cena = 750000
Vlasnik = Drzava
Tip = 20
Zakljucana = 0
Novac = 22775
UlazX = 1000.517333
UlazY = -920.041625
UlazZ = 42.306205
IzasaoX = -27.366100
IzasaoY = -58.069198
IzasaoZ = 1003.546875
Int = 0
VW = 0
Uinterioru = 6
Uvw = 11
Ime = Pumpa
Level = 5
JobID = 0
Neaktivnost = 0
Reket = -1
ReketTime = 0.000000
