[Informacije]
Kupljen = 0
Cena = 750000
Vlasnik = Drzava
Tip = 13
Zakljucana = 0
Novac = 0
UlazX = 2105.483886
UlazY = -1806.339477
UlazZ = 13.598637
IzasaoX = 372.268188
IzasaoY = -133.510803
IzasaoZ = 1001.492187
Int = 0
VW = 0
Uinterioru = 5
Uvw = 12
Ime = Well stacked pizza
Level = 5
JobID = 0
Neaktivnost = 0
Reket = -1
ReketTime = 0.000000
