[Informacije]
Kupljen = 0
Cena = 2000000
Vlasnik = Drzava
Tip = 21
Zakljucana = 0
Novac = 0
UlazX = 1836.652587
UlazY = -1682.350830
UlazZ = 13.338987
IzasaoX = -2385.026611
IzasaoY = 999.637207
IzasaoZ = -20.534999
Int = 0
VW = 0
Uinterioru = 6
Uvw = 0
Ime = Javna Kuca
Level = 5
JobID = 0
Neaktivnost = 0
Reket = -1
ReketTime = 0.000000
