[Informacije]
Kupljen = 0
Cena = 550000
Vlasnik = Drzava
Tip = 16
Zakljucana = 0
Novac = 24763
UlazX = 1472.245361
UlazY = -1265.589843
UlazZ = 14.562538
IzasaoX = 1396.089111
IzasaoY = -1200.338500
IzasaoZ = 2002.925292
Int = 0
VW = 0
Uinterioru = 0
Uvw = 14
Ime = Electronic Shop
Level = 5
JobID = 0
Neaktivnost = 0
Reket = -1
ReketTime = 0.000000
