[Informacije]
Kupljen = 0
Cena = 1000000
Vlasnik = Drzava
Tip = 9
Zakljucana = 0
Novac = 0
UlazX = -674.620117
UlazY = 961.709472
UlazZ = 12.132812
IzasaoX = 315.762786
IzasaoY = -143.661193
IzasaoZ = 999.601623
Int = 0
VW = 0
Uinterioru = 7
Uvw = 15
Ime = Gun Shop
Level = 10
JobID = 0
Neaktivnost = 0
Reket = -1
ReketTime = 0.000000
