[Informacije]
Kupljen = 0
Cena = 10000000
Vlasnik = Drzava
Tip = 23
Zakljucana = 0
Novac = 2
UlazX = 1073.524169
UlazY = -1698.070068
UlazZ = 13.546875
IzasaoX = 0.000000
IzasaoY = 0.000000
IzasaoZ = 0.000000
Int = 0
VW = 0
Uinterioru = 0
Uvw = 0
Ime = Oglas
Level = 5
JobID = 0
Neaktivnost = 0
Reket = -1
ReketTime = 0.000000
