[Informacije]
Kupljen = 1
Cena = 1000000
Vlasnik = Cika_Kure
Tip = 9
Zakljucana = 0
Novac = 37775
UlazX = 1368.997680
UlazY = -1279.686157
UlazZ = 13.546875
IzasaoX = 315.762786
IzasaoY = -143.661193
IzasaoZ = 999.601623
Int = 0
VW = 0
Uinterioru = 7
Uvw = 2
Ime = Ne budi necovek!
Level = 10
JobID = 0
Neaktivnost = 12
Reket = -1
ReketTime = 0.000000
