[Informacije]
Kupljen = 0
Cena = 15000000
Vlasnik = Drzava
Tip = 18
Zakljucana = 0
Novac = 0
UlazX = -347.756561
UlazY = -1045.663208
UlazZ = 59.812500
IzasaoX = 0.000000
IzasaoY = 0.000000
IzasaoZ = 0.000000
Int = 0
VW = 0
Uinterioru = 0
Uvw = 21
Ime = Firma - Pcelar
Level = 5
JobID = 13
Neaktivnost = 0
Reket = -1
ReketTime = 0.000000
