[Informacije]
Kupljen = 1
Cena = 2000000
Vlasnik = bugarin
Tip = 22
Zakljucana = 0
Novac = 0
UlazX = 1632.008666
UlazY = -1172.894775
UlazZ = 24.084280
IzasaoX = 1935.707031
IzasaoY = 1348.171630
IzasaoZ = -14.837200
Int = 0
VW = 0
Uinterioru = 0
Uvw = 0
Ime = Kladionica
Level = 5
JobID = 0
Neaktivnost = 0
Reket = -1
ReketTime = 0.000000
