[Informacije]
Kupljen = 0
Cena = 450000
Vlasnik = Drzava
Tip = 5
Zakljucana = 0
Novac = 0
UlazX = 2244.289306
UlazY = -1665.537597
UlazZ = 15.476560
IzasaoX = 207.720397
IzasaoY = -110.546401
IzasaoZ = 1005.132812
Int = 0
VW = 0
Uinterioru = 15
Uvw = 4
Ime = Binco
Level = 5
JobID = 0
Neaktivnost = 0
Reket = -1
ReketTime = 0.000000
