[Informacije]
Kupljen = 0
Cena = 150000
Vlasnik = Drzava
Tip = 11
Zakljucana = 0
Novac = 0
UlazX = 2310.138427
UlazY = -1643.593017
UlazZ = 14.827047
IzasaoX = 501.870788
IzasaoY = -67.582000
IzasaoZ = 998.757812
Int = 0
VW = 0
Uinterioru = 11
Uvw = 5
Ime = Bar
Level = 5
JobID = 0
Neaktivnost = 0
Reket = -1
ReketTime = 0.000000
