[Informacije]
Kupljen = 1
Cena = 500000
Vlasnik = Srdjan_Gotovac
Tip = 1
Zakljucana = 0
Novac = 5715
UlazX = 1352.294921
UlazY = -1759.236206
UlazZ = 13.507802
IzasaoX = -30.907600
IzasaoY = -92.010398
IzasaoZ = 1003.546875
Int = 0
VW = 0
Uinterioru = 18
Uvw = 8
Ime = Prodavnica 24/7
Level = 5
JobID = 0
Neaktivnost = 110
Reket = -1
ReketTime = 0.000000
