[Informacije]
Kupljen = 1
Cena = 350000
Vlasnik = Miladin_Miladinovic
Tip = 3
Zakljucana = 0
Novac = 0
UlazX = 1195.584228
UlazY = -892.781799
UlazZ = 42.417301
IzasaoX = 363.147796
IzasaoY = -75.169799
IzasaoZ = 1001.507812
Int = 0
VW = 0
Uinterioru = 10
Uvw = 9
Ime = Burg
Level = 5
JobID = 0
Neaktivnost = 121
Reket = -1
ReketTime = 0.000000
