Ime = SPAWN
Lokacija_X = 1438.217773
Lokacija_Y = -2281.864990
Lokacija_Z = 13.546875
Rotacija_A = 83.179100
Skin = 294
