Name = Buldozer 
TCPX = 224.360565
TCPY = -1862.231567
TCPZ = 2.981647
TCPA = 268.593658
Veh = 486
TCPX2 = 221.422073
TCPY2 = -1839.480224
TCPZ2 = 3.585872
TCPA2 = 272.643585
CPX2 = 251.950241
CPY2 = -1834.239868
CPZ2 = 3.182388
CPX3 = 298.417999
CPY3 = -1810.998535
CPZ3 = 3.942174
CPX4 = 318.052154
CPY4 = -1779.347778
CPZ4 = 4.251100
CPX5 = 373.227996
CPY5 = -1775.926391
CPZ5 = 4.952148
CPX6 = 433.040985
CPY6 = -1774.291992
CPZ6 = 4.855505
CPX7 = 471.346496
CPY7 = -1776.596923
CPZ7 = 5.319246
CPX8 = 524.828002
CPY8 = -1782.833374
CPZ8 = 5.386477
CPX9 = 573.055725
CPY9 = -1791.736450
CPZ9 = 7.274634
CPX10 = 611.038574
CPY10 = -1801.671142
CPZ10 = 7.836483
CPX11 = 648.412780
CPY11 = -1792.259521
CPZ11 = 11.618817
CPX12 = 654.320373
CPY12 = -1769.551757
CPZ12 = 13.149729
CPX13 = 702.958557
CPY13 = -1765.573730
CPZ13 = 13.477228
CPX14 = 765.916809
CPY14 = -1780.895629
CPZ14 = 12.426513
CPX15 = 842.777709
CPY15 = -1784.573852
CPZ15 = 13.330719
CPX16 = 913.717895
CPY16 = -1788.110229
CPZ16 = 12.946281
CPX17 = 982.527648
CPY17 = -1800.576416
CPZ17 = 13.636842
CPX18 = 1048.249755
CPY18 = -1854.570922
CPZ18 = 12.971322
CPX19 = 1047.531860
CPY19 = -1924.388061
CPZ19 = 12.507176
CPX20 = 1044.846191
CPY20 = -2005.003295
CPZ20 = 12.499189
CPX21 = 1030.169067
CPY21 = -2095.476074
CPZ21 = 12.493460
CPX22 = 1017.342346
CPY22 = -2179.042236
CPZ22 = 12.507148
CPX23 = 1028.114746
CPY23 = -2246.448974
CPZ23 = 12.518261
CPX24 = 1069.986450
CPY24 = -2330.848876
CPZ24 = 12.209672
CPX25 = 1119.247558
CPY25 = -2389.052734
CPZ25 = 10.952536
CPX26 = 1171.088989
CPY26 = -2426.695068
CPZ26 = 9.860772
CPX27 = 1242.937500
CPY27 = -2455.542724
CPZ27 = 8.484712
MaxCP = 27
