Object_ID = 1251
Zatvorena_X = 52.932781
Zatvorena_Y = -1522.903686
Zatvorena_Z = 4.956185
Zatvorena_RX = 0.000000
Zatvorena_RY = 0.000000
Zatvorena_RZ = -6.999997
Otvorena_X = 52.932781
Otvorena_Y = -1522.903686
Otvorena_Z = 7.716190
Otvorena_RX = 0.000000
Otvorena_RY = 0.000000
Otvorena_RZ = -6.999997
Label_X = 54.505321
Label_Y = -1522.180419
Label_Z = 5.037682
