uUlicaX = 1435.839355
uUlicaY = -2280.501464
uUlicaZ = 13.546875
uPostavljena = 1
uIme = 
