Taken = false
Takeable = true
GangID = -1
Time = 0
MaxX = 2260.553222
MinX = 2184.433593
MaxY = -1132.004028
MinY = -1210.515380
Color = FF3EC0FF
PickupPos = 2222.519042
PickupPos2 = -1161.161621
PickupPos3 = 25.733079
