Taken = false
Takeable = true
GangID = -1
Time = 0
MaxX = 2402.725585
MinX = 2232.517578
MaxY = -1760.321411
MinY = -1822.398925
Color = FF3EC0FF
PickupPos = 2299.655761
PickupPos2 = -1785.274414
PickupPos3 = 13.550329
