Taken = false
Takeable = true
GangID = -1
Time = 0
MaxX = 835.998291
MinX = 618.781982
MaxY = -462.353637
MinY = -613.116088
Color = FF3EC0FF
PickupPos = 665.064758
PickupPos2 = -585.304809
PickupPos3 = 16.335937
