Taken = false
Takeable = true
GangID = -1
Time = 0
MaxX = 2497.663330
MinX = 2443.149414
MaxY = -1514.411499
MinY = -1583.282958
Color = FF3EC0FF
PickupPos = 2487.430175
PickupPos2 = -1535.117919
PickupPos3 = 24.002389
