Taken = false
Takeable = true
GangID = -1
Time = 0
MaxX = -389.633789
MinX = -600.309448
MaxY = 5.458298
MinY = -224.506851
Color = FF3EC0FF
PickupPos = -496.168365
PickupPos2 = -127.569831
PickupPos3 = 67.553909
