Taken = false
Takeable = true
GangID = -1
Time = 0
MaxX = 349.483215
MinX = 118.968261
MaxY = 9.103826
MinY = -202.114913
Color = FF3EC0FF
PickupPos = 292.129089
PickupPos2 = -21.582902
PickupPos3 = 2.379892
