Taken = false
Takeable = true
GangID = -1
Time = 0
MaxX = 2611.928222
MinX = 2418.746337
MaxY = -938.579589
MinY = -994.988586
Color = FF3EC0FF
PickupPos = 2560.127685
PickupPos2 = -971.653686
PickupPos3 = 82.443038
