Name = Sarajevo City Center
PosX = 2040.627685
PosY = 1168.461669
PosZ = 10.671875
