X=747.265197
Y=-1273.411376
Z=13.591426
