[Informacije]
par1ID0 = 11
par2ID0 = 17
Rezultat10 = 1
Rezultat20 = 2
Kvota0 = 3.599999
HourPobeda0 = 7.3.2022 18:30
par1ID1 = 37
par2ID1 = 23
Rezultat11 = 3
Rezultat21 = 2
Kvota1 = 3.400000
HourPobeda1 = 7.3.2022 18:30
par1ID2 = 22
par2ID2 = 0
Rezultat12 = 0
Rezultat22 = 2
Kvota2 = 2.400000
HourPobeda2 = 7.3.2022 18:30
par1ID3 = 9
par2ID3 = 35
Rezultat13 = 2
Rezultat23 = 1
Kvota3 = 1.799999
HourPobeda3 = 7.3.2022 18:30
par1ID4 = 2
par2ID4 = 13
Rezultat14 = 3
Rezultat24 = 5
Kvota4 = 3.200000
HourPobeda4 = 7.3.2022 18:30
par1ID5 = 12
par2ID5 = 44
Rezultat15 = 3
Rezultat25 = 2
Kvota5 = 2.400000
HourPobeda5 = 7.3.2022 18:30
par1ID6 = 34
par2ID6 = 39
Rezultat16 = 1
Rezultat26 = 3
Kvota6 = 2.799999
HourPobeda6 = 7.3.2022 18:30
par1ID7 = 45
par2ID7 = 8
Rezultat17 = 4
Rezultat27 = 3
Kvota7 = 3.400000
HourPobeda7 = 7.3.2022 18:30
par1ID8 = 4
par2ID8 = 33
Rezultat18 = 0
Rezultat28 = 2
Kvota8 = 3.599999
HourPobeda8 = 7.3.2022 18:30
par1ID9 = 5
par2ID9 = 14
Rezultat19 = 2
Rezultat29 = 0
Kvota9 = 2.599999
HourPobeda9 = 7.3.2022 18:30
