Taken = false
Takeable = false
GangID = -1
Time = 0
MaxX = 289.635681
MinX = 262.491821
MaxY = -263.567535
MinY = -275.976379
Color = FF3EC0FF
PickupPos = 0.000000
PickupPos2 = 0.000000
PickupPos3 = 0.000000
