Taken = false
Takeable = true
GangID = -1
Time = 0
MaxX = 2271.815185
MinX = 2222.982666
MaxY = -1394.625244
MinY = -1473.663696
Color = 3
PickupPos = 2245.598876
PickupPos2 = -1436.097167
PickupPos3 = 25.546979
