Taken = false
Takeable = true
GangID = -1
Time = 0
MaxX = 2422.805908
MinX = 2318.688476
MaxY = -575.779479
MinY = -778.361938
Color = FF3EC0FF
PickupPos = 2360.679199
PickupPos2 = -648.110168
PickupPos3 = 128.181457
