Taken = false
Takeable = false
GangID = -1
Time = 0
MaxX = 2625.415283
MinX = 2594.692626
MaxY = -1701.230346
MinY = -1722.665039
Color = FF6666
PickupPos = 0.000000
PickupPos2 = 0.000000
PickupPos3 = 0.000000
