Taken = false
Takeable = true
GangID = -1
Time = 0
MaxX = -587.453063
MinX = -844.101135
MaxY = -1852.906372
MinY = -2158.159179
Color = FF3EC0FF
PickupPos = -790.984985
PickupPos2 = -2068.191894
PickupPos3 = 21.226776
