Taken = false
Takeable = true
GangID = -1
Time = 0
MaxX = 1383.087402
MinX = 1270.581665
MaxY = 427.860809
MinY = 118.773689
Color = FF3EC0FF
PickupPos = 1324.168457
PickupPos2 = 208.029724
PickupPos3 = 19.554687
