Owner = 
Model = 19912
For = 1
OrgID = 8
Speed = 14.000000
Radius = 8.000000
Time = 5000
Pos1 = 1028.790039
Pos2 = -1131.066040
Pos3 = 25.586198
Pos4 = 0.000000
Pos5 = 0.000000
Pos6 = -1.246077
Interior = 0
World = 0
Move1 = 1014.635864
Move2 = -1130.648071
Move3 = 25.586198
Move4 = 0.000000
Move5 = 0.000000
Move6 = -1.246077
