Owner = 
Model = 980
For = 1
OrgID = 14
Speed = 1.000000
Radius = 8.000000
Time = 20000
Pos1 = 2334.331054
Pos2 = 599.184387
Pos3 = 11.108036
Pos4 = 0.000000
Pos5 = 0.000000
Pos6 = 179.128387
Interior = 0
World = 0
Move1 = 2334.331054
Move2 = 599.184387
Move3 = 6.838035
Move4 = 0.000000
Move5 = 0.000000
Move6 = 179.128387
