Owner = 
Model = 971
For = 1
OrgID = 14
Speed = 5.000000
Radius = 8.000000
Time = 10000
Pos1 = 2360.706054
Pos2 = 550.481384
Pos3 = 7.260598
Pos4 = 0.000000
Pos5 = 0.000000
Pos6 = -179.908065
Interior = 0
World = 0
Move1 = 2360.706054
Move2 = 550.481384
Move3 = -0.029401
Move4 = 0.000000
Move5 = 0.000000
Move6 = -179.908065
