Owner = 
Model = 6976
For = 0
OrgID = -1
Speed = 3.000000
Radius = 8.000000
Time = 0
Pos1 = 1142.007324
Pos2 = -1672.262451
Pos3 = 12.533782
Pos4 = 0.000000
Pos5 = 0.000000
Pos6 = 176.441299
Interior = 0
World = 0
Move1 = 1142.007324
Move2 = -1672.262451
Move3 = 12.533782
Move4 = 0.000000
Move5 = 0.000000
Move6 = 176.441299
