Owner = 
Model = 19912
For = 1
OrgID = 1
Speed = 20.000000
Radius = 8.000000
Time = 3000
Pos1 = 1281.985473
Pos2 = -2050.584472
Pos3 = 60.539653
Pos4 = 0.000000
Pos5 = 0.000000
Pos6 = 88.629188
Interior = 0
World = 0
Move1 = 1281.985473
Move2 = -2050.584472
Move3 = 65.479652
Move4 = 0.000000
Move5 = 0.000000
Move6 = 88.629188
