Owner = 
Model = 976
For = 1
OrgID = 10
Speed = 5.000000
Radius = 8.000000
Time = 5000
Pos1 = -726.717285
Pos2 = 911.347290
Pos3 = 11.231411
Pos4 = 0.000000
Pos5 = 0.000000
Pos6 = 356.971923
Interior = 0
World = 0
Move1 = -726.717285
Move2 = 911.347290
Move3 = 16.231409
Move4 = 0.000000
Move5 = 0.000000
Move6 = 356.971923
