Owner = 
Model = 19303
For = 1
OrgID = 3
Speed = 20.000000
Radius = 8.000000
Time = 1000
Pos1 = 248.018737
Pos2 = 75.840858
Pos3 = 1003.860839
Pos4 = 0.000000
Pos5 = 0.000000
Pos6 = 90.047279
Interior = 6
World = 3
Move1 = 248.016860
Move2 = 77.850822
Move3 = 1003.860839
Move4 = 0.000000
Move5 = 0.000000
Move6 = 90.047279
