Owner = 
Model = 19913
For = 1
OrgID = 11
Speed = 5.000000
Radius = 8.000000
Time = 5000
Pos1 = 1526.251464
Pos2 = 663.655639
Pos3 = 10.735162
Pos4 = 0.000000
Pos5 = 0.099999
Pos6 = -0.220911
Interior = 0
World = 0
Move1 = 1526.239868
Move2 = 663.655639
Move3 = 3.795181
Move4 = 0.000000
Move5 = 0.099999
Move6 = -0.220911
