Owner = 
Model = 980
For = 1
OrgID = 6
Speed = 5.000000
Radius = 8.000000
Time = 5000
Pos1 = 1534.001586
Pos2 = -1450.490356
Pos3 = 15.495923
Pos4 = 1.099999
Pos5 = 0.000000
Pos6 = 179.779113
Interior = 0
World = 0
Move1 = 1534.001586
Move2 = -1450.596313
Move3 = 9.936960
Move4 = 1.099999
Move5 = 0.000000
Move6 = 179.779113
