Owner = 
Model = 971
For = 1
OrgID = 2
Speed = 20.000000
Radius = 8.000000
Time = 3000
Pos1 = 714.831970
Pos2 = -1281.077270
Pos3 = 12.631425
Pos4 = 0.000000
Pos5 = 0.000000
Pos6 = -89.994407
Interior = 0
World = 0
Move1 = 714.831970
Move2 = -1281.077270
Move3 = 8.361423
Move4 = 0.000000
Move5 = 0.000000
Move6 = -89.994407
