Owner = 
Model = 19913
For = 1
OrgID = 11
Speed = 5.000000
Radius = 8.000000
Time = 5000
Pos1 = 1448.794921
Pos2 = 663.317810
Pos3 = 10.772037
Pos4 = 0.000000
Pos5 = 0.000000
Pos6 = -0.051379
Interior = 0
World = 0
Move1 = 1448.794921
Move2 = 663.317810
Move3 = 4.002027
Move4 = 0.000000
Move5 = 0.000000
Move6 = -0.051379
