Owner = Masalovic
Model = 19303
For = 1
OrgID = 6
Speed = 20.000000
Radius = 8.000000
Time = 1000
Pos1 = 1294.708496
Pos2 = -32.304965
Pos3 = 1493.181884
Pos4 = 0.000000
Pos5 = 0.000000
Pos6 = 0.212799
Interior = 29
World = 6
Move1 = 1294.718505
Move2 = -32.304943
Move3 = 1490.311645
Move4 = 0.000000
Move5 = 0.000000
Move6 = 0.212799
