Owner = Pero
Model = 975
For = 2
OrgID = -1
Speed = 5.000000
Radius = 8.000000
Time = 5000
Pos1 = 1787.634033
Pos2 = 302.848663
Pos3 = 22.124710
Pos4 = -0.799999
Pos5 = -0.100000
Pos6 = 170.688552
Interior = 0
World = 0
Move1 = 1787.634765
Move2 = 302.907318
Move3 = 17.965154
Move4 = -0.799999
Move5 = -0.100000
Move6 = 170.688552
