Owner = 
Model = 968
For = 2
OrgID = -1
Speed = 20.000000
Radius = 8.000000
Time = 10000
Pos1 = 1801.385620
Pos2 = 783.842285
Pos3 = 11.299418
Pos4 = -8.100001
Pos5 = 2.799999
Pos6 = 8.212281
Interior = 0
World = 0
Move1 = 1801.426635
Move2 = 783.767944
Move3 = 11.309237
Move4 = -8.100001
Move5 = 2.799999
Move6 = 8.212281
