Owner = 
Model = 19912
For = 3
OrgID = -1
Speed = 5.000000
Radius = 8.000000
Time = 5000
Pos1 = -507.706970
Pos2 = 2586.885986
Pos3 = 55.142158
Pos4 = 0.000000
Pos5 = 0.000000
Pos6 = -92.709350
Interior = 0
World = 0
Move1 = -507.118438
Move2 = 2599.332031
Move3 = 55.142158
Move4 = 0.000000
Move5 = 0.000000
Move6 = -92.709350
