atmPos1 = 2747.416015
atmPos2 = -1624.773437
atmPos3 = 12.877774
atmPos4 = 0.000000
atmPos5 = 0.000000
atmPos6 = -90.516128
atmPreseceneZice = false
atmProbijenBios = false
atmVremeDoRoba = 0
atmExists = true
