atmPos1 = 2431.410644
atmPos2 = -1192.406494
atmPos3 = 35.476306
atmPos4 = 0.000000
atmPos5 = 0.000000
atmPos6 = 169.802856
atmPreseceneZice = false
atmProbijenBios = false
atmVremeDoRoba = 0
atmExists = true
