atmPos1 = 611.636718
atmPos2 = -1429.359741
atmPos3 = 13.567828
atmPos4 = 0.000000
atmPos5 = 0.000000
atmPos6 = 96.601379
atmPreseceneZice = false
atmProbijenBios = false
atmVremeDoRoba = 0
atmExists = true
