X = 1887.381713
Y = -1250.485961
Z = 13.581464
A = 179.637374
DilerIme = 68
