MaxVehModel = 3
VehModel1 = 510
VehModel2 = 481
VehModel3 = 509
VehModel4 = 0
VehModel5 = 0
VehModel6 = 0
VehModel7 = 0
VehModel8 = 0
VehModel9 = 0
VehModel10 = 0
VehModel11 = 0
VehModel12 = 0
VehModel13 = 0
VehModel14 = 0
VehModel15 = 0
VehModel16 = 0
VehAmmount1 = 100
VehAmmount2 = 99
VehAmmount3 = 99
VehAmmount4 = 0
VehAmmount5 = 0
VehAmmount6 = 0
VehAmmount7 = 0
VehAmmount8 = 0
VehAmmount9 = 0
VehAmmount10 = 0
VehAmmount11 = 0
VehAmmount12 = 0
VehAmmount13 = 0
VehAmmount14 = 0
VehAmmount15 = 0
VehAmmount16 = 0
VehBuyedPosX = 1059.155029
VehBuyedPosY = -1806.096435
VehBuyedPosZ = 13.225352
VehBuyedPosA = 179.776809
PickupPosX = 1056.484863
PickupPosY = -1798.364990
PickupPosZ = 13.726282
CameraPosX = 1063.351562
CameraPosY = -1795.808959
CameraPosZ = 16.771915
CameraLookAtX = 1067.120971
CameraLookAtY = -1796.401855
CameraLookAtZ = 13.540831
VirtualW = 0
Interior = 0
IzlogVeh = 108
