MaxVehModel = 9
VehModel1 = 461
VehModel2 = 462
VehModel3 = 463
VehModel4 = 468
VehModel5 = 471
VehModel6 = 521
VehModel7 = 522
VehModel8 = 581
VehModel9 = 586
VehModel10 = 0
VehModel11 = 0
VehModel12 = 0
VehModel13 = 0
VehModel14 = 0
VehModel15 = 0
VehModel16 = 0
VehAmmount1 = 250
VehAmmount2 = 250
VehAmmount3 = 250
VehAmmount4 = 249
VehAmmount5 = 250
VehAmmount6 = 250
VehAmmount7 = 249
VehAmmount8 = 250
VehAmmount9 = 250
VehAmmount10 = 0
VehAmmount11 = 0
VehAmmount12 = 0
VehAmmount13 = 0
VehAmmount14 = 0
VehAmmount15 = 0
VehAmmount16 = 0
VehBuyedPosX = 1809.001342
VehBuyedPosY = -1716.841674
VehBuyedPosZ = 12.733794
VehBuyedPosA = 88.052505
PickupPosX = 1804.958496
PickupPosY = -1701.795898
PickupPosZ = 13.553000
CameraPosX = 1806.523681
CameraPosY = -1704.365600
CameraPosZ = 15.615448
CameraLookAtX = 1802.085815
CameraLookAtY = -1705.064941
CameraLookAtZ = 13.420980
VirtualW = 0
Interior = 0
IzlogVeh = 113
