MaxVehModel = 16
VehModel1 = 411
VehModel2 = 415
VehModel3 = 451
VehModel4 = 560
VehModel5 = 506
VehModel6 = 541
VehModel7 = 559
VehModel8 = 602
VehModel9 = 402
VehModel10 = 412
VehModel11 = 536
VehModel12 = 567
VehModel13 = 571
VehModel14 = 575
VehModel15 = 482
VehModel16 = 600
VehAmmount1 = 495
VehAmmount2 = 499
VehAmmount3 = 498
VehAmmount4 = 496
VehAmmount5 = 499
VehAmmount6 = 499
VehAmmount7 = 499
VehAmmount8 = 500
VehAmmount9 = 500
VehAmmount10 = 500
VehAmmount11 = 500
VehAmmount12 = 499
VehAmmount13 = 499
VehAmmount14 = 500
VehAmmount15 = 499
VehAmmount16 = 500
VehBuyedPosX = 1010.326477
VehBuyedPosY = -1768.389160
VehBuyedPosZ = 13.172941
VehBuyedPosA = 270.829437
PickupPosX = 1000.433349
PickupPosY = -1759.092651
PickupPosZ = 13.547834
CameraPosX = 1009.889221
CameraPosY = -1752.890502
CameraPosZ = 18.687614
CameraLookAtX = 1007.057922
CameraLookAtY = -1750.206054
CameraLookAtZ = 15.560750
VirtualW = 0
Interior = 0
IzlogVeh = 114
