Taken = false
Takeable = true
GangID = -1
Time = 0
MaxX = -1319.763793
MinX = -1474.995849
MaxY = -941.257934
MinY = -981.395507
Color = FF3EC0FF
PickupPos = -1429.082031
PickupPos2 = -959.240234
PickupPos3 = 200.902038
