Taken = false
Takeable = true
GangID = -1
Time = 0
MaxX = 2332.405517
MinX = 2274.375976
MaxY = -1493.926269
MinY = -1549.377685
Color = FF3EC0FF
PickupPos = 2301.563720
PickupPos2 = -1528.288208
PickupPos3 = 26.872062
