Taken = false
Takeable = true
GangID = -1
Time = 0
MaxX = 2189.369873
MinX = 2132.614746
MaxY = -1561.952758
MinY = -1629.621826
Color = FF3EC0FF
PickupPos = 2160.666503
PickupPos2 = -1594.485107
PickupPos3 = 14.351562
