atmPos1 = 1474.112548
atmPos2 = -1786.811401
atmPos3 = 13.165036
atmPos4 = 0.000000
atmPos5 = 0.000000
atmPos6 = -176.148300
atmPreseceneZice = false
atmProbijenBios = true
atmVremeDoRoba = 120
atmExists = true
