atmPos1 = 1367.597778
atmPos2 = -1283.257202
atmPos3 = 13.006874
atmPos4 = 0.000000
atmPos5 = 0.000000
atmPos6 = -87.287391
atmPreseceneZice = false
atmProbijenBios = true
atmVremeDoRoba = 120
atmExists = true
