MaxSpeed = 60
Price = 1000
Pos1 = 1459.463623
Pos2 = -1724.952148
Pos3 = 12.136875
Pos4 = 0.000000
Pos5 = 0.000000
Pos6 = -94.038772
