MaxSpeed = 60
Price = 1000
Pos1 = 2255.784667
Pos2 = -1602.948364
Pos3 = 1.791146
Pos4 = 0.000000
Pos5 = 0.000000
Pos6 = 61.992813
