atmPos1 = 1105.402954
atmPos2 = -1290.586059
atmPos3 = 13.166873
atmPos4 = 0.000000
atmPos5 = 0.000000
atmPos6 = 180.456298
atmPreseceneZice = false
atmProbijenBios = false
atmVremeDoRoba = 0
atmExists = true
