Placed = true
BussinesID = 11
GasolinePrice = 817
GasolineL = 50
DieselPrice = 911
DieselL = 25
GasPrice = 764
GasL = 50
GasOilPrice = 938
GasOilL = 50
Name = Pumpa
PosX = 1005.275024
PosY = -934.238098
PosZ = 42.157768
TruckID = -1
CisternID = -1
