Taken = false
Takeable = true
GangID = -1
Time = 0
MaxX = -943.010437
MinX = -1130.220581
MaxY = -1532.005249
MinY = -1692.285278
Color = FF3EC0FF
PickupPos = -1044.096923
PickupPos2 = -1624.415771
PickupPos3 = 76.367187
