MaxSpeed = 60
Price = 1000
Pos1 = 1587.605346
Pos2 = -1356.758911
Pos3 = 28.256538
Pos4 = 0.000000
Pos5 = 0.000000
Pos6 = -5.887969
