MaxSpeed = 60
Price = 1000
Pos1 = 1374.987792
Pos2 = -1058.359863
Pos3 = 25.515546
Pos4 = 0.000000
Pos5 = 0.000000
Pos6 = 166.567855
