MaxSpeed = 60
Price = 1000
Pos1 = 1459.310546
Pos2 = -1041.859497
Pos3 = 22.658115
Pos4 = 0.000000
Pos5 = 0.000000
Pos6 = 89.146278
