MaxSpeed = 60
Price = 1000
Pos1 = 906.443847
Pos2 = -1388.627197
Pos3 = 11.959888
Pos4 = 0.000000
Pos5 = 0.000000
Pos6 = -89.368072
