[Informacije]
Kupljen = 1
Cena = 500000
Vlasnik = Pero
Tip = 1
Zakljucana = 0
Novac = 2255
UlazX = 1328.813720
UlazY = -891.922546
UlazZ = 39.578125
IzasaoX = -30.907600
IzasaoY = -92.010398
IzasaoZ = 1003.546875
Int = 0
VW = 0
Uinterioru = 18
Uvw = 1
Ime = Prodavnica 24/7
Level = 5
JobID = 0
Neaktivnost = 16
Reket = -1
ReketTime = 0.000000
