[Informacije]
Kupljen = 1
Cena = 1000000
Vlasnik = Black_Boss
Tip = 9
Zakljucana = 0
Novac = 11400
UlazX = 1015.320190
UlazY = -1097.912353
UlazZ = 23.887916
IzasaoX = 315.762786
IzasaoY = -143.661193
IzasaoZ = 999.601623
Int = 0
VW = 0
Uinterioru = 7
Uvw = 16
Ime = Gun Shop
Level = 10
JobID = 0
Neaktivnost = 16
Reket = -1
ReketTime = 0.000000
