[Informacije]
Kupljen = 1
Cena = 200000
Vlasnik = Jovica_Erkic
Tip = 17
Zakljucana = 0
Novac = 10087
UlazX = 1417.994628
UlazY = -1718.185913
UlazZ = 13.546875
IzasaoX = 0.000000
IzasaoY = 0.000000
IzasaoZ = 0.000000
Int = 0
VW = 0
Uinterioru = 0
Uvw = 17
Ime = SVRATI, KUPI, NISMO SKUPI
Level = 5
JobID = 0
Neaktivnost = 45
Reket = -1
ReketTime = 0.000000
