[Informacije]
Kupljen = 1
Cena = 250000
Vlasnik = Foxy
Tip = 10
Zakljucana = 0
Novac = 1000
UlazX = 2229.852539
UlazY = -1721.214233
UlazZ = 13.560770
IzasaoX = 772.426025
IzasaoY = -5.516200
IzasaoZ = 1000.728820
Int = 0
VW = 0
Uinterioru = 5
Uvw = 6
Ime = Gym
Level = 5
JobID = 0
Neaktivnost = 152
Reket = -1
ReketTime = 0.000000
