atmPos1 = 1474.527709
atmPos2 = -1021.545715
atmPos3 = 24.618127
atmPos4 = 0.000000
atmPos5 = 0.000000
atmPos6 = -0.782797
atmPreseceneZice = false
atmProbijenBios = false
atmVremeDoRoba = 0
atmExists = true
