atmPos1 = 661.570861
atmPos2 = -1765.979858
atmPos3 = 13.139485
atmPos4 = 0.000000
atmPos5 = 0.000000
atmPos6 = 173.368759
atmPreseceneZice = false
atmProbijenBios = false
atmVremeDoRoba = 0
atmExists = true
