atmPos1 = 1449.152587
atmPos2 = -1021.581115
atmPos3 = 24.498126
atmPos4 = 0.000000
atmPos5 = 0.000000
atmPos6 = 6.893354
atmPreseceneZice = false
atmProbijenBios = false
atmVremeDoRoba = 0
atmExists = true
