atmPos1 = 1906.444091
atmPos2 = -1628.282836
atmPos3 = 12.913612
atmPos4 = 0.000000
atmPos5 = 0.000000
atmPos6 = 175.006027
atmPreseceneZice = false
atmProbijenBios = false
atmVremeDoRoba = 0
atmExists = true
