[Organizacija]
ID=0
Suspended=0
MaxClanova=0
UbacenihClanova=0
Skin1=0
Skin2=0
Skin3=0
Skin4=0
Skin5=0
Skin6=0
ZSkin1=0
ZSkin2=0
ZSkin3=0
ZSkin4=0
ZSkin5=0
ZSkin6=0
PozExtX=0.000000
PozExtY=0.000000
PozExtZ=0.000000
PozIntX=0.000000
PozIntY=0.000000
PozIntZ=0.000000
DutyPoint1=0.000000
DutyPoint2=0.000000
DutyPoint3=0.000000
DutyInt=0
DutyVW=0
EquipPoint1=0.000000
EquipPoint2=0.000000
EquipPoint3=0.000000
EquipInt=0
EquipVW=0
Savez=0
MaxPort=0
ControlType=0
DrugField1=0.000000
DrugField2=0.000000
DrugField3=0.000000
SafePos1=0.000000
SafePos2=0.000000
SafePos3=0.000000
SafeMoney=11600
SafeDrug1=0
SafeDrug2=0
SafeDrug3=0
SafeDrug4=0
SafeDrugCode1=0
SafeDrugCode2=0
SafeDrugCode3=0
SafeDrugCode4=0
Int=0
Vw=0
Tip=0

