[Informacije]
par1ID0 = 0
par2ID0 = 0
Rezultat10 = 3
Rezultat20 = 3
Kvota0 = 0.000000
HourPobeda0 = 9.6.2026 18:30
par1ID1 = 0
par2ID1 = 0
Rezultat11 = 1
Rezultat21 = 1
Kvota1 = 0.000000
HourPobeda1 = 9.6.2026 18:30
par1ID2 = 0
par2ID2 = 0
Rezultat12 = 1
Rezultat22 = 1
Kvota2 = 0.000000
HourPobeda2 = 9.6.2026 18:30
par1ID3 = 0
par2ID3 = 0
Rezultat13 = 0
Rezultat23 = 0
Kvota3 = 0.000000
HourPobeda3 = 9.6.2026 18:30
par1ID4 = 0
par2ID4 = 0
Rezultat14 = 3
Rezultat24 = 1
Kvota4 = 0.000000
HourPobeda4 = 9.6.2026 18:30
par1ID5 = 0
par2ID5 = 0
Rezultat15 = 4
Rezultat25 = 2
Kvota5 = 0.000000
HourPobeda5 = 9.6.2026 18:30
par1ID6 = 0
par2ID6 = 0
Rezultat16 = 1
Rezultat26 = 1
Kvota6 = 0.000000
HourPobeda6 = 9.6.2026 18:30
par1ID7 = 0
par2ID7 = 0
Rezultat17 = 1
Rezultat27 = 1
Kvota7 = 0.000000
HourPobeda7 = 9.6.2026 18:30
par1ID8 = 0
par2ID8 = 0
Rezultat18 = 0
Rezultat28 = 2
Kvota8 = 0.000000
HourPobeda8 = 9.6.2026 18:30
par1ID9 = 0
par2ID9 = 0
Rezultat19 = 3
Rezultat29 = 4
Kvota9 = 0.000000
HourPobeda9 = 9.6.2026 18:30
