ObjPos1 = 2460.517578
ObjPos2 = -1665.882812
ObjPos3 = 13.053277
ObjRot1 = 0.000000
ObjRot2 = 0.000000
ObjRot3 = 187.596710
