Placed = true
ObjectPos_X = 1465.053466
ObjectPos_Y = -1042.007934
ObjectPos_Z = 23.828125
ObjectPos_RX = 0.000000
ObjectPos_RY = 0.000000
ObjectPos_RZ = 359.782379
Int = 0
VW = 0
MaxX = 0.000000
MinX = 0.000000
MaxY = 0.000000
MinY = 0.000000
Pickup_1_Pos_X = 0.000000
Pickup_1_Pos_Y = 0.000000
Pickup_1_Pos_Z = 0.000000
Pickup_2_Pos_X = 0.000000
Pickup_2_Pos_Y = 0.000000
Pickup_2_Pos_Z = 0.000000
MaxParkPlaces = 0
