uUlicaX = 947.584228
uUlicaY = -1405.113403
uUlicaZ = 12.811240
uPostavljena = 1
uIme = 
