Object_ID = 968
Zatvorena_X = 1789.999267
Zatvorena_Y = 784.498657
Zatvorena_Z = 11.688522
Zatvorena_RX = 0.000000
Zatvorena_RY = -90.699905
Zatvorena_RZ = -2.599999
Otvorena_X = 1789.759155
Otvorena_Y = 784.509887
Otvorena_Z = 11.685173
Otvorena_RX = 0.000000
Otvorena_RY = -0.799884
Otvorena_RZ = -2.699999
Label_X = 1786.192016
Label_Y = 778.986633
Label_Z = 11.725029
