X = 1073.568115
Y = -2144.577148
Z = 54.767856
A = 126.785980
DilerIme = 74
