Name = Ludi vatrogasci
TCPX = 1688.355346
TCPY = -755.093994
TCPZ = 52.212371
TCPA = 169.332229
Veh = 544
TCPX2 = 1686.864013
TCPY2 = -763.906005
TCPZ2 = 52.976291
TCPA2 = 170.585571
CPX2 = 1671.054809
CPY2 = -859.252868
CPZ2 = 59.615840
CPX3 = 1662.075927
CPY3 = -916.077636
CPZ3 = 61.437099
CPX4 = 1650.292724
CPY4 = -992.133666
CPZ4 = 62.388393
CPX5 = 1638.986083
CPY5 = -1064.073730
CPZ5 = 60.508396
CPX6 = 1628.862304
CPY6 = -1131.959350
CPZ6 = 57.834266
CPX7 = 1618.911743
CPY7 = -1199.872680
CPZ7 = 52.856502
CPX8 = 1612.148925
CPY8 = -1258.423217
CPZ8 = 46.067790
CPX9 = 1605.105224
CPY9 = -1317.756469
CPZ9 = 33.794128
CPX10 = 1593.456054
CPY10 = -1381.972290
CPZ10 = 28.165683
CPX11 = 1576.802978
CPY11 = -1416.587402
CPZ11 = 28.041090
CPX12 = 1569.468872
CPY12 = -1480.859619
CPZ12 = 24.059455
CPX13 = 1645.182373
CPY13 = -1535.428222
CPZ13 = 22.488779
CPX14 = 1702.496093
CPY14 = -1531.043212
CPZ14 = 21.693138
CPX15 = 1768.125366
CPY15 = -1519.063964
CPZ15 = 11.371973
CPX16 = 1809.978271
CPY16 = -1516.660888
CPZ16 = 6.099325
CPX17 = 1865.786010
CPY17 = -1516.272338
CPZ17 = 2.901165
CPX18 = 1872.077636
CPY18 = -1538.287109
CPZ18 = 5.823068
CPX19 = 1828.932128
CPY19 = -1572.808715
CPZ19 = 12.925977
CPX20 = 1799.818847
CPY20 = -1612.125244
CPZ20 = 12.925662
CPX21 = 1758.579101
CPY21 = -1602.056396
CPZ21 = 12.943436
CPX22 = 1735.879028
CPY22 = -1597.447753
CPZ22 = 12.955322
CPX23 = 1691.553710
CPY23 = -1593.251342
CPZ23 = 12.944873
CPX24 = 1657.368286
CPY24 = -1592.323486
CPZ24 = 12.961123
CPX25 = 1618.834106
CPY25 = -1631.325927
CPZ25 = 13.117342
CPX26 = 1619.198730
CPY26 = -1692.679565
CPZ26 = 6.782432
CPX27 = 1619.775146
CPY27 = -1728.334838
CPZ27 = 3.427229
CPX28 = 1673.299072
CPY28 = -1779.532104
CPZ28 = 3.544484
CPX29 = 1752.261352
CPY29 = -1798.968139
CPZ29 = 3.555393
CPX30 = 1865.098754
CPY30 = -1824.917114
CPZ30 = 3.554800
CPX31 = 1933.002807
CPY31 = -1840.533935
CPZ31 = 3.556060
MaxCP = 31
