Name = Kosac Race
TCPX = -2692.115722
TCPY = 2146.700927
TCPZ = 55.429687
TCPA = 180.289398
Veh = 572
TCPX2 = -2686.271728
TCPY2 = 2147.302978
TCPZ2 = 55.429687
TCPA2 = 180.603607
CPX2 = -2689.438720
CPY2 = 2111.697265
CPZ2 = 55.421875
CPX3 = -2689.175781
CPY3 = 2029.384033
CPZ3 = 57.927627
CPX4 = -2689.385498
CPY4 = 1877.484497
CPZ4 = 66.005744
CPX5 = -2689.407958
CPY5 = 1668.657836
CPZ5 = 66.533630
CPX6 = -2688.933837
CPY6 = 1519.460571
CPZ6 = 59.357810
CPX7 = -2689.027587
CPY7 = 1389.417724
CPZ7 = 55.154560
CPX8 = -2684.524169
CPY8 = 1252.317504
CPZ8 = 55.156883
CPX9 = -2670.921142
CPY9 = 1232.193969
CPZ9 = 55.156768
CPX10 = -2672.148925
CPY10 = 1327.507934
CPZ10 = 55.156547
CPX11 = -2673.730712
CPY11 = 1442.188964
CPZ11 = 55.156780
CPX12 = -2674.099121
CPY12 = 1587.870361
CPZ12 = 63.422130
CPX13 = -2674.220947
CPY13 = 1706.446166
CPZ13 = 67.354019
CPX14 = -2674.333007
CPY14 = 1834.018310
CPZ14 = 67.130821
CPX15 = -2674.419921
CPY15 = 1983.348510
CPZ15 = 61.081634
CPX16 = -2674.889648
CPY16 = 2149.308105
CPZ16 = 55.156768
MaxCP = 16
