X = 2448.873291
Y = -1673.998413
Z = 13.496838
A = 28.276901
DilerIme = 74
