X = 2796.579589
Y = -1994.139892
Z = 13.552251
A = 82.147315
DilerIme = 74
