X = 1894.722290
Y = -1064.902709
Z = 23.937500
A = 85.930740
DilerIme = 74
