X = 604.157897
Y = -1066.717895
Z = 62.299629
A = 227.053634
DilerIme = 74
