Name = ECshop
PosX = 1456.135498
PosY = -1273.800415
PosZ = 13.382812
