MaxSpeed = 60
Price = 1000
Pos1 = 1904.123291
Pos2 = -1267.054077
Pos3 = 12.478633
Pos4 = 0.000000
Pos5 = 0.000000
Pos6 = 89.734519
