Owner = Pero
Model = 980
For = 1
OrgID = 12
Speed = 5.000000
Radius = 8.000000
Time = 5000
Pos1 = 282.581115
Pos2 = -1319.870727
Pos3 = 55.357936
Pos4 = -0.300000
Pos5 = -1.600000
Pos6 = 34.678653
Interior = 0
World = 0
Move1 = 282.723785
Move2 = -1319.805053
Move3 = 49.830192
Move4 = -0.300000
Move5 = -1.600000
Move6 = 34.678653
