Owned = false
Owner = Drzava
Price = 60000
Level = 4
Locked = false
Pos1 = 1103.006469
Pos2 = -1060.754150
Pos3 = 29.505373
VehiclePos1 = 1098.739379
VehiclePos2 = -1060.895874
VehiclePos3 = 29.329105
VehiclePos4 = 90.674438
VW = 24
Type = 1
