Owned = true
Owner = Jovica_Erkic
Price = 100000
Level = 5
Locked = false
Pos1 = 980.704406
Pos2 = -833.565917
Pos3 = 95.468574
VehiclePos1 = 977.371154
VehiclePos2 = -826.919189
VehiclePos3 = 95.996955
VehiclePos4 = 29.184312
VW = 11
Type = 2
