Owned = false
Owner = Drzava
Price = 60000
Level = 4
Locked = false
Pos1 = 1430.873779
Pos2 = -886.209960
Pos3 = 50.695312
VehiclePos1 = 1430.915649
VehiclePos2 = -881.226745
VehiclePos3 = 50.741046
VehiclePos4 = 1.980475
VW = 3
Type = 1
