Owned = false
Owner = Drzava
Price = 60000
Level = 4
Locked = false
Pos1 = 1182.730102
Pos2 = -1067.361206
Pos3 = 29.244710
VehiclePos1 = 1179.243286
VehiclePos2 = -1067.413208
VehiclePos3 = 28.751958
VehiclePos4 = 89.944557
VW = 19
Type = 1
