Owned = false
Owner = Drzava
Price = 60000
Level = 4
Locked = false
Pos1 = 1142.576782
Pos2 = -1061.347656
Pos3 = 29.427566
VehiclePos1 = 1144.803222
VehiclePos2 = -1061.879028
VehiclePos3 = 29.220867
VehiclePos4 = 271.848541
VW = 20
Type = 1
