Owned = false
Owner = Drzava
Price = 100000
Level = 5
Locked = false
Pos1 = 1519.992919
Pos2 = -694.594360
Pos3 = 94.750000
VehiclePos1 = 1515.714477
VehiclePos2 = -694.315429
VehiclePos3 = 94.455062
VehiclePos4 = 90.854774
VW = 8
Type = 2
