Owned = false
Owner = Drzava
Price = 60000
Level = 4
Locked = false
Pos1 = 1463.740234
Pos2 = -906.149963
Pos3 = 54.835937
VehiclePos1 = 1464.240234
VehiclePos2 = -900.395202
VehiclePos3 = 54.540775
VehiclePos4 = 0.000000
VW = 4
Type = 1
