Owned = false
Owner = Drzava
Price = 60000
Level = 4
Locked = false
Pos1 = 1431.575073
Pos2 = -925.727355
Pos3 = 37.492637
VehiclePos1 = 1430.966430
VehiclePos2 = -929.519714
VehiclePos3 = 36.616958
VehiclePos4 = 171.606613
VW = 1
Type = 1
