Owned = false
Owner = Drzava
Price = 60000
Level = 4
Locked = false
Pos1 = 1540.875854
Pos2 = -841.988830
Pos3 = 64.336059
VehiclePos1 = 1534.598754
VehiclePos2 = -841.582824
VehiclePos3 = 64.694015
VehiclePos4 = 89.710922
VW = 5
Type = 1
