Owned = true
Owner = Cika_Kure
Price = 60000
Level = 4
Locked = false
Pos1 = 1142.122924
Pos2 = -1101.081665
Pos3 = 25.812393
VehiclePos1 = 1146.800903
VehiclePos2 = -1101.410888
VehiclePos3 = 25.385761
VehiclePos4 = 269.045166
VW = 23
Type = 1
