Name = test
PosX = 1213.599609
PosY = -1725.320068
PosZ = 13.565193
