Name = Test
PosX = 1213.805664
PosY = -1739.607543
PosZ = 13.589550
